[[ 0. -1.  0.  0.  0.  0.  0. -1.]
 [-1.  0. -1.  0.  0.  0.  0.  0.]
 [ 0. -1.  0. -1.  0.  0.  0.  0.]
 [ 0.  0. -1.  0. -1.  0.  0.  0.]
 [ 0.  0.  0. -1.  0. -1.  0.  0.]
 [ 0.  0.  0.  0. -1.  0. -1.  0.]
 [ 0.  0.  0.  0.  0. -1.  0. -1.]
 [-1.  0.  0.  0.  0.  0. -1.  0.]]
0.0 0.499980369584 0.00442956936688
0.2 -0.493644939488 -8.70648603126e-11
0.4 0.484907531839 7.01783724736e-11
0.6 0.473789485699 3.14124798194e-08
0.8 -0.460345214865 -1.66610316659e-08
1.0 -0.444680427584 -3.17931665682e-07
1.2 0.426953740307 -5.58124283833e-10
1.4 -0.407378725482 2.75879446403e-10
1.6 0.386223979481 -2.53768337815e-08
1.8 0.36380918372 2.22740817641e-08
2.0 0.340495872339 -1.75251946616e-09
2.2 -0.316672721169 1.70359227177e-08
2.4 -0.292736460899 -3.5467059164e-09
2.6 0.26907066433 -1.59531169766e-08
2.8 0.24602530329 2.67525358298e-07
3.0 0.223899891033 7.72756006171e-08
3.2 0.202932251503 -2.91480058576e-08
3.4 0.183293764622 5.37332842446e-09
3.6 -0.165090717952 -5.80911823326e-09
3.8 0.148370483014 -9.8779184745e-09
